raster/dem/atlantgis_dgm_epsg4326.asc
ncols        1517
nrows        531
xllcorner    -15.745938481013
yllcorner    35.356042143168
cellsize     0.000834961611
NODATA_value -9999
[rows 41 to 81 of 531, columns 279 to 371 of 1517]
268 289 310 308 316 340 353 356 349 340 353 353 364 390 407 423 444 459 466 462 460 457 453 448 445 441 439 439 439 440 436 436 431 425 419 411 403 400 401 408 413 417 418 421 425 432 432 428 425 426 420 408 408 418 421 421 428 429 426 422 412 413 407 386 348 315 298 283 258 223 178 139 92 56 25 22 11 6 38 65 99 119 119 128 125 101 81 67 60 57 63 58 38
256 260 261 275 309 325 321 322 346 357 357 367 376 396 412 422 433 444 458 461 457 454 450 445 444 438 437 437 438 437 435 432 430 425 419 412 404 403 408 411 414 418 421 422 427 433 433 431 429 424 419 413 417 425 427 431 436 440 440 437 433 430 425 419 412 383 351 331 311 291 261 223 164 114 73 61 43 30 79 110 180 180 231 244 230 199 151 123 118 113 111 99 72
192 209 204 214 256 291 328 352 369 386 386 396 391 384 402 415 421 429 440 450 456 454 450 449 445 440 436 434 432 429 427 422 421 420 418 413 406 406 411 415 419 420 422 424 431 432 432 432 432 428 424 418 425 430 432 437 442 446 448 444 439 434 431 427 425 406 367 337 319 310 295 272 227 187 162 140 109 83 142 212 244 244 267 284 230 199 151 123 118 113 111 99 72
131 146 160 195 237 293 336 353 369 381 381 393 408 395 389 400 410 418 426 433 442 445 449 455 452 443 438 433 432 431 429 426 420 416 414 411 413 415 414 414 417 421 422 426 429 429 431 432 432 428 424 418 425 430 432 437 442 446 448 444 439 434 431 427 425 406 367 337 319 310 295 272 227 187 162 140 109 83 142 212 244 244 267 284 287 277 254 240 220 208 188 154 116
82 92 116 161 216 256 305 327 344 381 381 393 408 395 389 400 410 418 426 433 442 445 449 455 452 443 438 433 432 431 429 426 420 416 414 411 413 415 414 414 417 421 422 426 429 429 431 429 431 430 427 425 430 433 436 440 446 449 449 449 446 444 439 437 433 422 389 355 347 328 315 312 309 302 277 243 233 214 212 235 262 262 284 301 314 326 329 327 316 297 280 271 234
82 92 116 161 216 256 305 327 344 344 362 383 411 409 397 399 407 414 419 424 430 436 448 457 459 450 441 438 439 441 442 440 438 434 429 429 428 429 428 426 424 422 422 424 429 429 427 430 431 432 430 430 433 434 435 436 438 440 444 443 444 443 444 445 442 436 418 390 360 343 329 325 313 300 284 270 276 257 245 251 286 286 308 329 347 359 364 359 346 331 314 309 296
42 54 64 84 112 154 201 258 320 320 351 382 399 412 419 423 423 420 421 423 426 429 431 433 438 441 440 439 436 435 433 433 433 434 430 429 425 427 429 426 426 425 424 424 431 431 433 435 437 437 435 432 432 434 434 435 434 434 435 437 436 430 436 443 443 441 426 407 381 363 343 330 316 308 309 310 302 283 279 290 290 312 336 358 379 394 398 394 386 372 358 350 339
37 43 53 68 97 147 188 213 267 267 332 386 393 405 417 428 432 429 425 425 424 420 421 416 413 421 426 428 426 424 423 423 424 423 424 422 419 420 423 423 422 424 425 428 433 433 435 436 439 437 430 424 429 428 430 433 433 427 424 423 422 413 426 436 439 438 432 419 404 391 375 361 346 336 337 336 322 305 312 324 324 338 365 389 409 426 436 433 426 411 403 392 381
35 40 45 59 94 127 153 181 218 218 290 394 407 410 419 432 434 432 428 426 425 416 407 406 395 391 396 412 419 419 417 415 414 412 410 410 409 412 414 415 417 419 418 426 426 430 431 433 432 429 419 406 413 412 419 424 427 427 424 423 422 413 426 436 439 438 432 419 404 391 375 361 346 336 337 336 322 305 312 324 324 338 365 389 409 426 436 433 426 411 403 392 381
34 39 43 53 75 98 117 140 182 182 250 388 417 425 427 433 433 431 428 425 425 416 407 406 395 391 396 412 419 419 417 415 414 412 410 410 409 412 414 415 417 419 418 426 426 430 431 433 432 429 419 406 413 412 419 424 427 424 418 409 408 400 412 423 430 429 427 423 418 411 401 392 378 365 362 393 393 392 389 395 395 409 412 413 431 441 446 447 447 446 446 446 447
34 39 43 53 75 98 117 140 140 182 250 388 417 425 427 433 433 431 428 425 420 416 409 400 386 377 377 383 401 409 404 401 397 393 386 388 388 354 363 376 385 391 397 406 406 409 410 410 408 399 391 378 362 375 390 395 395 394 391 386 371 367 377 380 384 390 396 402 405 411 413 413 413 407 405 406 414 411 409 414 414 421 425 424 432 441 445 446 447 447 449 451 455
35 37 40 46 53 63 81 101 101 128 224 295 367 419 439 433 427 421 419 423 431 430 426 419 404 405 407 390 367 362 356 353 357 356 349 352 353 351 341 341 353 362 365 376 376 380 382 383 379 368 358 355 333 347 366 369 371 368 363 357 347 343 350 358 358 363 366 374 385 398 403 408 409 408 406 407 414 416 416 416 419 423 427 430 433 438 440 444 445 445 447 450 453
31 37 40 43 48 56 73 89 89 115 175 231 313 374 424 431 420 413 413 414 417 420 419 419 412 412 415 403 386 382 374 378 374 369 370 373 365 356 344 333 329 327 333 338 338 341 342 339 337 330 313 313 299 318 337 336 339 338 334 327 315 313 328 337 328 327 333 338 352 376 391 395 399 401 401 402 408 409 412 412 417 421 423 425 427 431 435 438 440 442 444 448 450
32 36 38 40 45 54 64 81 81 99 151 189 244 325 391 424 416 409 408 410 401 396 401 414 420 420 416 407 402 404 394 397 389 373 362 363 355 343 335 328 324 329 322 322 314 312 307 301 297 291 278 271 269 278 292 297 307 307 306 300 285 307 325 319 306 303 333 338 352 376 391 395 399 401 401 402 408 409 412 412 417 421 423 425 427 431 435 438 440 442 444 448 450
32 35 35 37 42 46 58 58 69 84 132 167 205 281 346 396 406 406 398 397 391 384 383 401 416 422 420 411 405 404 394 397 389 373 362 363 355 343 335 328 324 329 322 322 314 312 307 301 297 291 278 271 269 278 292 297 307 307 306 300 285 307 325 319 306 303 317 339 352 365 375 381 386 390 391 393 399 399 403 403 407 412 416 405 405 409 413 413 416 419 423 430 435
32 35 35 37 42 46 58 58 69 106 132 167 205 281 346 396 406 406 398 397 391 384 383 401 416 422 420 411 405 408 412 412 400 381 366 353 349 346 343 335 339 350 327 327 307 336 345 342 321 318 338 345 331 306 279 258 248 243 250 254 266 277 292 307 302 291 304 309 336 350 344 350 363 369 372 377 379 379 377 377 383 390 392 393 394 398 399 400 407 410 412 418 420
30 33 35 36 40 44 52 45 52 76 95 117 148 176 207 246 279 291 318 328 328 344 363 373 378 401 423 425 420 418 415 418 417 413 405 385 365 352 345 343 352 365 334 334 328 351 369 366 354 343 349 352 334 327 312 283 258 237 244 257 270 281 289 295 287 277 281 291 320 339 332 332 356 364 365 368 368 368 368 366 371 374 378 382 383 386 386 390 393 395 402 407 406
29 31 29 33 36 39 41 41 45 62 77 90 113 138 156 176 201 219 226 244 258 278 310 346 357 374 403 428 435 430 425 422 420 418 403 375 356 359 365 355 356 364 351 351 344 365 403 408 392 379 374 357 324 303 293 272 246 239 256 276 281 283 289 293 287 272 268 278 302 317 315 316 343 358 359 357 355 356 356 356 361 366 366 367 371 373 374 383 380 378 390 396 396
27 28 28 31 33 35 38 38 41 51 59 74 87 105 119 136 156 163 169 184 204 224 252 282 316 340 367 403 436 437 430 426 424 423 411 391 372 382 383 371 374 378 378 369 364 382 418 434 428 417 404 377 341 307 281 257 240 235 241 271 276 272 277 286 289 277 267 283 295 300 295 297 320 332 341 357 355 356 356 356 361 366 366 367 371 373 374 383 380 378 390 396 396
23 27 29 30 32 32 32 33 37 43 52 64 74 82 94 105 123 119 124 143 164 182 205 227 256 294 341 385 420 436 438 435 430 429 429 418 403 408 411 371 374 378 378 369 364 382 418 434 428 417 404 377 341 307 281 257 240 235 241 271 276 272 277 286 289 277 267 283 295 300 295 297 320 332 341 352 341 337 337 345 356 359 352 349 355 355 363 374 376 375 377 376 366
24 25 29 30 32 32 32 33 39 43 52 64 74 82 94 105 123 119 124 143 164 182 205 227 256 294 341 385 420 436 438 435 430 429 429 418 403 408 411 403 401 394 394 385 377 381 402 428 434 430 422 408 398 364 339 311 284 261 239 229 230 234 246 256 267 271 256 262 268 269 286 295 298 300 317 321 301 289 289 322 334 323 315 314 320 312 334 336 341 358 365 365 357
24 25 27 30 30 28 28 30 35 40 45 55 63 66 58 64 66 66 75 88 100 119 145 186 234 275 333 415 421 434 445 448 446 443 441 443 445 445 449 450 449 437 437 431 422 412 400 420 439 442 435 427 408 375 346 322 291 263 245 247 250 237 226 227 244 257 245 244 246 260 277 287 294 293 299 307 289 275 275 298 311 293 291 290 293 288 305 309 331 345 353 352 342
22 22 26 23 26 27 27 28 33 33 35 37 40 44 47 51 51 54 62 78 100 124 149 182 220 266 314 422 438 446 457 460 460 458 450 448 451 451 454 454 447 438 438 437 430 411 410 431 445 454 453 438 412 379 343 314 290 279 265 273 260 254 256 235 223 240 229 225 235 248 259 268 274 275 278 287 292 292 273 273 282 274 273 271 270 266 280 291 317 330 338 337 322
21 21 21 22 23 23 24 26 29 34 35 35 37 40 42 43 46 53 65 80 98 117 138 167 204 250 348 441 450 460 463 469 479 480 470 465 459 458 461 459 439 439 427 421 415 418 425 438 459 465 462 453 425 388 354 330 310 291 276 283 272 280 281 259 234 218 207 202 217 227 244 251 254 258 260 266 273 273 272 257 263 263 259 256 252 252 280 291 317 330 338 337 322
20 19 23 23 22 22 22 26 29 32 33 33 34 37 40 42 48 57 67 82 98 118 145 166 195 237 303 444 460 459 455 461 473 481 482 482 475 474 473 467 445 445 437 427 428 444 452 464 469 465 462 453 425 388 354 330 310 291 276 283 272 280 281 259 234 218 207 202 217 227 244 251 254 258 260 266 273 273 272 257 263 263 259 256 252 252 262 272 292 307 315 316 301
20 21 21 21 23 23 23 28 30 31 33 32 34 37 40 42 48 57 67 82 98 118 145 166 195 237 303 444 460 459 455 461 473 481 482 482 475 474 473 467 445 445 437 427 428 444 452 464 469 467 460 452 428 388 359 333 307 290 292 289 291 297 292 278 265 253 239 230 215 196 226 228 229 246 244 241 244 244 243 244 248 249 248 248 243 238 238 247 257 262 263 266 260
20 21 21 21 23 23 23 28 30 31 33 32 33 35 38 42 49 57 67 78 94 114 126 149 178 208 249 314 381 418 399 409 423 422 424 435 438 439 445 443 429 429 437 453 450 458 478 480 472 462 455 446 430 402 378 356 329 308 297 293 288 290 285 277 268 252 231 215 202 189 211 219 233 241 240 234 234 234 237 242 244 244 245 244 242 239 236 240 247 249 249 251 248
20 20 20 21 22 22 23 25 25 27 29 29 31 35 35 39 40 45 53 66 82 95 112 134 157 177 207 242 265 297 316 330 343 350 367 407 407 398 408 409 409 400 411 430 457 470 477 479 473 460 452 448 441 420 394 359 324 301 290 283 276 272 271 268 265 248 235 235 216 185 180 196 220 238 238 230 230 228 236 242 241 240 239 240 239 236 233 238 240 242 243 240 241
20 21 21 23 23 22 25 26 26 27 28 28 28 32 34 35 39 42 49 59 65 68 81 106 124 144 173 196 201 185 225 247 259 264 274 291 301 318 373 368 368 385 390 393 424 472 482 480 474 462 456 457 458 437 399 367 338 311 297 288 280 277 267 257 252 250 253 248 238 217 187 174 198 233 235 224 224 226 235 238 239 238 236 236 236 235 231 233 234 236 236 236 236
21 21 22 22 22 23 23 25 26 27 27 28 27 30 33 34 36 41 45 48 51 58 71 89 103 117 145 153 155 161 171 174 188 177 178 191 192 204 262 331 331 361 366 367 392 445 482 484 479 470 467 469 464 439 401 370 344 325 297 288 280 277 267 257 252 250 253 248 238 217 187 174 198 233 235 224 224 226 235 238 239 238 236 236 236 235 231 233 234 236 236 236 236
23 23 22 24 24 25 25 25 27 28 26 26 28 30 32 31 35 38 40 45 46 58 71 89 103 117 145 153 155 161 171 174 188 177 178 191 192 204 262 331 331 361 366 367 392 445 482 484 479 470 467 469 464 439 401 370 344 325 313 299 297 288 277 266 259 256 257 241 236 229 217 196 172 203 217 222 222 224 231 231 231 232 230 232 234 231 229 225 225 226 225 227 230
23 23 22 24 24 25 25 25 27 28 26 26 28 30 32 31 35 38 40 45 46 54 63 74 83 97 120 115 110 85 100 99 102 105 114 117 119 132 148 196 196 228 280 316 333 368 425 487 491 483 475 468 455 421 387 358 348 340 324 309 303 299 289 275 259 247 235 230 228 225 218 187 211 227 231 230 230 230 229 227 229 227 229 229 230 229 228 225 222 222 224 223 224
26 27 24 24 26 27 26 25 27 27 27 28 27 26 29 32 35 34 37 39 39 41 45 50 52 57 58 58 57 68 77 77 82 83 87 85 88 105 118 118 165 194 224 271 303 327 375 439 480 483 477 471 451 409 361 333 332 333 320 304 293 288 279 264 250 242 231 221 214 216 209 170 223 232 231 231 232 230 227 226 226 225 226 223 226 225 225 225 221 219 222 222 220
29 29 26 26 28 27 28 26 26 26 27 27 29 29 30 32 35 33 34 36 36 37 41 43 44 46 49 50 52 59 63 64 67 68 72 70 71 81 117 117 133 160 191 229 267 298 338 372 439 474 475 474 448 403 358 320 309 312 305 293 282 273 267 250 236 231 228 219 203 208 190 164 222 230 231 231 229 228 226 227 225 224 222 222 222 222 222 223 222 218 215 217 219
31 29 29 29 29 30 30 29 29 27 27 27 30 30 30 31 33 32 33 34 35 35 39 39 40 43 44 46 48 52 54 56 58 59 62 61 65 76 101 101 117 139 166 195 221 267 290 313 371 451 468 466 435 394 356 325 300 290 280 271 257 253 259 245 228 216 220 211 203 208 190 164 222 230 231 231 229 228 226 227 225 224 222 222 222 222 222 223 222 218 215 217 219
32 31 31 31 31 33 32 30 32 29 27 29 29 30 31 32 33 32 31 31 35 35 37 37 38 41 44 44 44 50 50 56 58 59 62 61 65 76 101 101 117 139 166 195 221 267 290 313 371 451 468 466 435 394 356 325 300 290 280 271 257 253 259 245 228 216 220 211 189 189 168 143 220 227 228 226 226 226 227 226 224 222 221 220 221 220 217 217 217 216 218 213 214
32 31 31 31 31 33 32 30 32 29 27 29 29 30 31 32 33 32 31 31 35 35 37 37 38 41 44 44 44 50 50 50 53 53 54 57 63 67 83 83 100 112 123 144 184 202 209 226 253 289 368 435 430 399 361 330 309 299 283 259 234 208 195 191 171 161 171 162 138 130 131 120 168 206 221 221 228 227 226 226 225 223 223 221 221 220 218 215 216 213 215 211 208
34 35 35 36 37 35 34 36 36 34 32 33 33 30 31 32 33 32 33 33 34 34 35 39 38 40 40 42 42 42 45 46 49 48 50 53 59 62 62 79 88 97 109 132 158 164 173 190 208 233 267 339 382 394 368 341 315 294 267 241 217 196 179 170 167 157 149 144 156 149 122 106 131 168 168 206 225 230 231 230 225 222 221 220 221 219 218 218 217 214 211 208 208
36 38 38 38 38 37 37 37 37 35 34 36 35 35 33 32 32 32 32 34 35 35 37 38 38 38 40 40 40 40 43 44 46 47 47 51 54 60 60 69 77 83 95 112 125 135 144 156 169 188 211 247 307 366 365 334 301 279 255 225 208 198 206 211 207 182 171 177 189 173 163 116 105 127 127 179 222 233 234 232 227 226 227 224 224 222 223 222 220 216 214 211 206
39 38 38 39 38 38 37 40 38 37 36 35 35 36 35 33 33 33 31 34 35 35 37 37 35 37 38 40 40 41 42 44 45 47 47 49 50 57 57 62 68 71 79 90 103 114 119 127 136 152 169 200 233 305 350 327 290 262 246 236 230 231 241 229 209 194 190 206 215 201 200 162 114 110 110 155 214 233 234 232 227 226 227 224 224 222 223 222 220 216 214 211 206
42 42 42 44 41 40 40 40 38 37 37 35 36 36 36 35 35 35 36 34 34 35 37 36 36 37 38 39 40 40 41 43 44 45 46 46 47 52 52 57 59 71 79 90 103 114 119 127 136 152 169 200 233 305 350 327 290 262 246 236 230 231 241 229 209 194 190 206 215 201 200 162 114 110 110 155 214 233 231 231 229 230 250 258 253 244 238 230 226 222 220 220 222
