raster/dem/atlantgis_dgm_epsg4326.asc
ncols        1517
nrows        531
xllcorner    -15.745938481013
yllcorner    35.356042143168
cellsize     0.000834961611
NODATA_value -9999
[rows 287 to 327 of 531, columns 1023 to 1115 of 1517]
279 276 249 227 212 224 217 188 162 147 150 165 185 188 192 192 174 167 194 239 248 216 202 208 193 185 185 197 211 238 242 241 230 261 263 219 195 186 173 165 178 197 208 209 192 167 129 121 132 128 124 138 152 156 166 185 205 216 244 268 284 294 315 340 382 382 418 425 415 418 433 437 436 433 435 439 438 440 441 444 445 439 437 432 429 424 415 408 405 407 406 407 408
250 256 230 212 197 195 181 163 155 148 148 160 164 165 175 177 166 160 186 218 235 216 196 186 183 184 184 208 226 256 281 286 268 284 279 251 242 218 195 174 173 195 214 198 178 161 131 118 117 126 142 170 186 194 209 234 276 305 317 325 322 317 339 367 393 393 412 410 414 422 428 429 428 431 432 434 432 434 431 436 435 431 425 420 417 413 408 403 404 402 403 402 403
238 263 254 227 218 196 171 178 170 152 146 149 148 147 149 157 159 164 164 163 167 169 172 176 182 203 203 231 273 317 353 383 363 372 373 347 302 249 207 193 198 189 181 154 138 135 125 114 125 128 128 154 175 182 202 235 263 275 295 314 320 326 329 349 390 390 401 386 376 387 400 414 419 419 418 418 426 425 423 425 423 419 417 410 406 403 401 399 401 396 397 397 395
229 273 276 248 259 241 199 178 170 152 146 149 148 147 149 157 159 164 164 163 167 169 172 176 182 203 203 231 273 317 353 383 363 372 373 347 302 249 207 193 198 189 181 154 138 135 125 114 125 128 128 154 175 182 202 235 263 275 295 314 320 326 329 349 390 390 401 386 376 387 400 414 419 419 418 418 418 416 416 416 416 411 408 401 400 394 393 393 393 392 390 390 392
212 253 275 268 275 252 208 210 205 158 145 145 145 149 154 163 168 168 173 168 161 170 182 182 183 200 200 229 269 304 351 386 371 374 381 357 299 251 226 221 204 176 163 150 151 143 128 112 118 111 114 147 175 185 200 221 229 243 270 293 300 313 304 326 357 357 353 353 363 388 403 408 411 411 412 413 410 405 409 409 403 403 399 395 390 388 387 387 387 388 386 386 389
195 227 231 235 248 241 219 239 219 168 143 144 153 161 163 167 174 178 190 180 166 173 179 181 184 192 192 213 254 295 344 375 360 359 371 357 333 301 279 257 223 205 194 175 159 137 125 117 126 120 112 141 177 192 203 209 214 251 274 281 290 301 291 307 318 318 329 362 390 398 399 393 391 395 404 406 402 394 394 394 395 398 392 388 384 383 379 379 382 384 382 386 387
182 195 187 190 212 234 234 250 232 188 140 141 156 166 164 161 165 192 200 191 179 170 180 198 207 215 215 239 276 319 354 358 342 345 349 359 365 337 298 265 243 221 190 161 140 128 140 157 166 142 116 133 164 182 185 191 218 250 255 250 251 262 265 270 300 346 346 378 387 387 386 378 376 388 396 395 394 392 385 384 387 387 382 380 375 374 374 377 378 382 384 387 393
153 160 165 168 191 220 212 196 182 175 164 138 139 145 144 148 170 208 231 215 199 202 206 209 229 251 283 283 316 323 316 283 287 324 350 364 344 300 250 218 188 170 161 155 151 134 149 172 180 149 115 131 161 168 176 195 208 207 205 202 200 224 251 261 296 340 340 357 366 366 374 373 360 371 386 384 385 384 379 381 381 378 376 373 370 376 382 384 383 384 389 390 396
153 160 165 168 191 220 212 196 182 175 164 138 139 145 144 148 170 208 231 215 199 202 206 209 229 251 283 283 316 323 316 283 287 324 350 364 344 300 250 218 188 170 161 155 151 142 160 181 178 155 136 123 143 142 160 169 172 171 192 209 225 245 263 269 291 321 321 341 352 359 367 368 353 351 375 373 373 373 371 370 373 371 368 369 373 381 387 388 391 392 392 391 397
149 157 159 162 187 206 193 178 158 150 146 136 134 138 150 168 180 216 262 248 233 242 249 233 242 267 290 290 318 309 281 262 300 343 351 354 347 329 298 264 224 203 193 184 179 159 171 174 167 161 157 125 113 128 148 168 183 200 225 251 271 281 288 290 299 318 318 334 352 355 351 344 335 347 365 368 364 363 364 361 361 364 364 369 380 388 396 404 403 400 399 397 398
146 150 153 162 175 187 170 161 151 149 145 135 141 156 161 187 218 250 282 283 284 290 283 265 265 259 268 268 281 273 250 265 310 333 333 332 344 352 328 311 267 248 231 225 212 180 175 160 149 144 148 126 108 115 148 175 193 209 235 260 289 300 290 282 277 309 309 338 339 327 329 325 334 348 354 358 360 357 356 354 357 358 356 378 389 405 422 434 431 415 406 407 402
148 158 167 167 173 170 158 160 164 163 148 139 170 187 188 204 249 294 298 295 297 284 294 282 265 242 240 240 243 242 254 280 300 318 324 331 349 359 359 351 320 296 275 266 237 214 209 158 153 159 153 147 116 117 141 154 179 216 247 273 292 270 248 245 262 302 302 324 310 319 327 318 329 335 340 347 353 351 348 351 351 354 361 374 421 447 465 470 463 441 424 417 412
150 173 190 196 196 200 189 174 155 137 131 164 197 208 221 246 279 300 287 284 269 253 268 262 247 231 231 231 241 267 283 286 297 313 336 361 379 395 404 395 377 359 333 315 284 262 235 186 180 179 173 159 124 112 121 126 165 207 240 264 266 239 224 246 288 313 313 308 301 324 314 319 333 327 332 339 345 344 343 346 351 359 371 391 458 472 475 475 469 455 439 426 422
150 173 190 196 196 200 189 174 155 137 131 164 197 226 250 273 272 254 252 271 257 239 243 237 231 229 240 240 240 255 256 265 291 332 370 400 420 441 454 451 432 415 394 369 336 299 272 217 199 169 158 142 112 102 109 127 167 207 242 243 221 216 225 255 286 299 299 296 295 303 299 325 331 321 325 330 332 341 350 364 379 397 436 453 460 456 459 466 466 465 460 453 442
152 167 178 177 176 193 184 164 141 132 129 186 211 233 260 259 231 210 222 243 232 222 224 223 223 231 251 251 246 235 248 281 326 374 405 431 455 475 480 480 470 458 439 415 386 351 310 233 196 162 145 128 108 96 107 131 162 203 225 210 204 226 239 265 277 283 283 289 286 289 298 322 320 315 316 317 327 341 350 364 379 397 436 453 460 456 459 466 466 465 460 453 442
139 142 144 141 151 170 174 167 158 133 129 183 198 223 243 222 189 176 198 216 212 226 231 233 243 253 277 277 276 256 282 333 369 398 425 452 465 479 480 480 479 476 466 440 414 382 335 241 208 192 168 145 120 100 101 124 165 188 193 199 231 252 255 271 270 277 277 277 275 279 296 311 309 314 311 319 336 350 364 386 410 438 458 458 453 447 451 457 461 461 459 451 439
132 132 132 129 132 144 152 160 160 135 131 157 163 194 209 183 158 166 192 211 223 243 266 275 282 299 316 316 315 286 289 341 381 396 423 449 462 470 474 473 471 471 471 455 426 398 354 275 255 236 199 166 130 104 97 125 167 184 199 226 246 261 266 261 266 275 275 270 274 281 293 297 297 311 321 331 340 352 378 412 443 459 460 458 447 440 444 451 456 454 452 447 432
145 153 148 133 127 127 131 138 137 132 128 134 140 156 162 150 164 194 222 234 234 263 299 300 314 352 365 365 354 312 301 350 380 389 412 441 457 463 466 465 462 463 466 463 441 411 383 351 298 266 236 182 141 109 99 134 179 209 221 226 237 258 265 249 259 264 264 267 280 280 288 282 299 320 332 340 347 361 393 433 451 457 459 458 443 436 436 444 446 447 443 444 436
164 172 162 149 136 125 124 126 126 125 125 141 158 160 156 163 198 241 275 274 272 291 319 330 356 380 390 390 373 341 327 349 375 384 405 440 458 458 459 455 455 453 456 465 466 446 411 388 320 269 213 163 124 105 98 133 181 198 181 178 216 248 239 225 223 236 236 246 254 273 297 317 327 335 347 363 376 394 417 436 440 447 457 460 444 435 426 424 431 431 430 426 426
155 167 166 161 151 128 125 123 124 126 129 158 184 207 211 215 248 299 331 324 317 327 351 374 399 411 405 405 390 374 358 358 375 391 420 448 456 454 453 455 455 453 456 465 466 446 411 388 320 269 213 163 124 105 98 133 181 198 181 178 216 248 239 225 223 236 246 246 254 273 297 317 327 335 347 363 376 394 417 436 440 447 457 460 444 435 426 424 431 431 430 426 426
146 146 148 145 135 123 121 121 130 144 140 166 190 225 252 269 299 353 377 383 378 381 398 421 440 442 423 423 396 383 378 376 385 402 432 454 455 453 449 450 454 451 453 463 466 454 420 387 322 271 214 167 129 105 96 124 165 167 150 167 208 221 214 213 216 226 251 251 275 295 313 324 330 343 364 392 406 415 423 428 432 441 453 459 439 429 420 418 421 423 423 418 416
153 143 135 130 129 125 121 118 123 140 134 174 194 225 250 288 342 385 412 426 425 429 439 455 460 456 433 433 406 390 384 382 391 409 434 450 451 449 442 444 445 444 447 458 463 456 436 398 330 277 223 176 138 109 93 114 136 130 142 170 194 191 199 220 245 260 276 276 297 310 321 329 338 358 389 412 418 417 421 421 426 435 445 455 441 425 413 409 411 413 416 412 407
167 151 141 138 145 150 145 128 119 122 133 160 177 214 260 315 367 409 446 468 468 465 469 467 461 451 432 432 412 396 388 387 392 405 424 435 444 446 440 436 439 440 443 448 453 454 447 417 354 306 254 197 150 119 95 106 118 115 135 156 165 187 219 239 257 281 296 296 306 316 321 336 358 383 407 415 414 414 414 417 422 429 438 442 437 422 408 399 404 407 410 408 400
234 226 200 187 170 142 132 127 122 119 116 175 213 248 291 343 386 425 466 479 479 478 477 472 460 441 419 400 400 391 388 383 384 386 396 406 426 437 441 435 427 424 427 430 436 442 434 420 355 326 281 223 172 127 101 92 94 100 110 117 175 227 251 265 286 305 314 314 321 329 353 378 404 415 413 408 404 401 403 408 414 425 427 426 427 409 400 395 393 392 392 392 391
234 226 200 187 170 142 132 127 122 119 116 175 213 248 291 343 386 425 466 479 479 478 477 472 460 441 419 400 400 391 388 383 384 386 396 406 426 437 441 435 427 424 427 430 436 442 434 420 355 326 281 223 172 127 101 92 94 100 110 117 175 227 251 265 286 305 314 314 321 329 353 378 404 415 413 408 404 401 403 408 414 425 427 426 427 409 400 395 393 392 392 392 391
293 274 233 196 163 142 131 131 128 117 113 184 211 240 290 347 387 436 472 473 473 478 479 473 465 451 428 409 409 393 387 384 384 382 388 397 425 440 442 438 431 423 417 418 426 434 430 416 356 328 294 238 194 145 121 119 102 90 101 144 198 234 269 291 303 319 337 337 352 367 382 399 408 411 408 403 397 394 396 400 405 411 416 422 419 408 397 392 391 388 387 387 386
335 300 250 206 173 151 141 141 136 117 114 132 199 227 287 354 392 441 469 468 468 473 478 473 465 455 439 421 421 400 389 382 381 376 381 395 419 436 439 435 432 426 415 409 421 427 422 409 351 325 295 247 196 147 120 131 132 102 102 159 203 252 291 312 328 348 380 380 394 398 401 404 408 405 399 396 391 388 391 391 396 399 406 414 414 404 394 392 389 387 386 387 385
363 320 275 230 199 176 153 142 127 114 115 126 191 222 305 347 393 440 465 463 464 468 473 472 464 458 448 435 435 418 398 387 381 378 379 387 401 424 431 427 422 422 414 406 410 412 407 392 347 319 286 234 179 138 111 115 128 96 101 135 187 252 314 346 369 385 398 398 400 399 401 400 400 398 396 387 386 386 387 388 390 393 400 405 406 402 398 394 391 392 390 391 390
399 362 312 259 215 178 150 134 121 115 115 126 173 232 302 350 388 423 448 454 453 455 463 462 461 459 460 457 457 450 435 417 399 384 378 374 378 388 405 405 400 400 400 392 377 371 362 358 326 300 248 194 158 134 123 109 91 81 99 147 199 261 326 367 380 385 387 387 387 386 385 387 389 384 382 380 377 384 384 385 388 391 394 396 398 397 396 391 390 389 393 393 394
399 362 312 259 215 178 150 134 121 115 115 126 173 232 302 350 388 423 448 454 453 455 463 462 461 459 460 457 457 450 435 417 399 384 378 374 378 388 405 405 400 400 400 392 377 371 362 358 326 300 248 194 158 134 123 109 91 81 99 147 199 261 326 367 380 385 387 387 387 386 385 387 389 384 382 380 377 383 383 386 388 388 391 391 390 394 393 392 396 394 398 393 389
408 370 322 274 227 181 147 129 116 111 112 127 197 250 294 342 375 401 437 445 450 455 459 455 455 454 452 451 451 451 439 424 407 388 377 374 374 379 392 393 388 387 385 377 361 354 349 343 310 282 248 222 208 201 171 128 96 87 107 156 228 287 331 364 374 376 383 383 380 379 381 383 383 379 378 377 379 383 382 382 383 385 387 386 389 391 393 389 395 400 397 394 393
416 375 335 280 227 180 142 122 113 108 112 143 206 262 302 339 363 385 419 438 451 456 455 452 448 448 450 446 446 446 440 429 413 395 380 376 373 374 378 379 373 371 367 358 350 341 335 325 301 302 305 286 280 255 198 147 101 84 122 183 241 286 321 355 367 372 374 374 374 374 377 379 380 377 373 374 376 378 379 380 384 387 387 388 387 389 393 392 395 395 397 396 395
423 377 336 288 234 190 149 131 116 110 112 136 185 251 299 330 349 371 405 433 444 450 449 446 440 441 444 438 438 435 436 433 418 401 382 376 372 371 369 372 369 366 359 351 348 345 338 325 329 344 345 342 325 281 214 158 111 84 111 159 213 266 307 340 363 370 370 367 367 370 373 375 374 371 369 371 375 381 385 388 388 387 391 393 388 386 390 394 396 395 396 394 394
425 383 336 297 268 244 205 170 151 125 108 111 158 211 263 297 325 349 388 415 427 436 437 434 432 426 429 427 427 419 422 424 416 400 386 379 381 380 370 366 364 362 362 358 356 355 349 345 351 368 371 367 343 298 241 183 129 86 96 152 206 252 296 334 361 367 365 363 363 365 366 366 366 371 376 379 383 387 392 399 398 397 401 402 392 392 391 393 392 393 392 392 389
425 383 336 297 268 244 205 170 151 125 108 111 158 211 263 297 325 349 388 415 427 436 437 434 432 426 429 427 427 419 422 424 416 400 386 379 381 380 370 366 364 362 362 358 356 355 361 361 362 382 380 371 344 309 268 216 160 107 96 155 187 233 279 318 352 362 360 355 355 358 358 379 385 390 390 391 394 398 409 417 417 409 407 403 395 382 386 389 388 389 390 388 380
428 400 360 325 297 266 225 185 150 125 107 107 130 187 268 291 318 347 371 402 416 427 431 427 424 421 422 423 423 418 413 412 411 399 385 380 378 375 369 366 365 360 362 360 357 369 377 374 374 389 384 368 334 298 264 222 168 115 90 123 158 220 268 298 331 357 355 347 347 354 368 379 385 390 390 391 394 398 409 417 417 409 407 403 395 382 386 389 388 389 390 388 380
424 411 369 332 304 272 246 207 160 126 107 105 135 177 251 287 310 338 352 383 408 423 426 421 415 414 420 422 422 420 412 400 404 393 379 374 375 376 370 366 365 360 359 363 367 380 385 387 385 390 386 369 326 291 254 203 149 103 80 112 158 216 261 281 303 346 358 347 347 353 369 379 380 381 386 390 397 400 408 421 422 416 408 396 389 383 385 386 384 387 390 391 383
420 410 373 330 299 267 238 211 164 128 106 107 171 224 260 297 311 325 337 369 406 425 428 420 408 409 414 414 414 415 408 397 390 386 375 371 371 376 376 369 365 361 358 366 364 375 385 389 386 383 380 364 315 287 257 207 147 98 76 97 144 192 247 269 285 324 363 349 349 341 357 363 366 373 386 392 399 404 408 420 425 427 419 399 388 380 383 385 380 381 381 382 382
426 421 414 374 315 289 242 184 142 117 103 104 165 193 238 286 300 306 325 354 400 425 430 424 411 402 406 407 407 407 404 395 380 375 371 368 370 382 387 376 363 359 363 364 362 372 380 383 380 375 370 354 304 278 257 216 153 106 80 87 124 190 239 264 272 290 329 348 348 333 339 349 369 383 390 396 398 402 408 418 428 430 422 406 389 379 377 378 376 373 373 373 374
426 421 414 374 315 289 242 184 142 117 103 104 165 193 238 266 284 300 313 332 385 415 423 425 416 400 397 400 397 397 396 390 377 368 365 361 363 377 387 374 362 361 361 362 360 365 368 366 365 358 344 328 294 262 244 226 176 125 84 76 109 147 212 241 261 269 283 292 292 329 358 370 386 397 399 399 399 404 406 412 417 416 412 401 384 379 370 367 368 366 364 363 362
423 419 413 389 325 293 257 233 199 156 118 103 152 198 231 249 269 289 298 316 357 399 412 420 419 405 392 393 389 389 386 383 377 368 365 361 363 377 387 374 362 361 361 362 360 365 368 366 365 358 344 328 294 262 244 226 176 125 84 76 109 147 212 241 261 269 283 292 292 329 358 370 386 397 399 399 399 404 406 412 417 416 412 401 384 379 370 367 368 366 364 363 362
