raster/dem/atlantgis_dgm_epsg4326.asc
ncols        1517
nrows        531
xllcorner    -15.745938481013
yllcorner    35.356042143168
cellsize     0.000834961611
NODATA_value -9999
[rows 123 to 163 of 531, columns 930 to 1022 of 1517]
44 43 43 38 39 43 45 45 45 45 45 47 50 52 55 59 63 73 78 79 79 90 100 82 65 62 74 75 70 70 72 76 81 88 111 125 125 129 136 136 118 106 144 164 165 145 132 149 195 242 282 303 310 322 343 373 415 452 466 464 467 466 473 495 516 522 523 509 468 420 378 339 311 311 299 272 247 237 234 236 216 191 161 129 105 87 78 75 74 70 73 94 110
46 46 46 41 39 42 46 50 47 47 49 49 52 54 62 72 86 104 111 116 118 133 138 110 78 69 79 76 74 75 79 86 91 102 131 156 173 173 181 178 147 115 132 159 172 162 146 159 202 255 295 323 335 346 362 383 414 437 443 447 442 429 444 461 485 512 517 513 478 427 381 335 298 298 275 257 218 193 191 189 167 141 129 108 91 81 80 75 73 72 79 95 105
48 48 46 44 43 43 48 51 49 48 51 53 55 61 71 92 117 140 158 165 170 176 162 119 86 77 86 82 82 85 86 96 108 114 135 172 202 202 215 196 153 131 130 142 171 179 166 163 195 236 275 315 349 379 396 415 426 430 423 412 410 397 409 426 447 470 491 501 476 435 387 334 296 296 263 228 193 159 148 153 127 104 93 89 86 83 79 76 75 76 84 95 101
48 51 47 47 45 44 47 53 53 53 52 55 59 66 82 116 150 181 217 223 232 219 180 134 100 82 94 103 102 108 109 117 127 138 148 184 225 225 236 202 168 152 148 145 165 186 181 177 191 225 257 292 334 377 413 422 419 420 407 389 378 364 374 386 405 422 451 477 466 433 394 347 305 305 266 217 172 137 123 129 105 102 93 87 82 81 79 77 78 83 90 98 102
47 49 51 53 48 45 46 53 55 55 56 57 61 66 94 127 165 207 252 284 287 262 213 149 116 96 109 134 137 143 155 163 156 168 148 184 225 225 236 202 168 152 148 145 165 186 181 177 191 225 257 292 334 377 413 422 419 420 407 389 378 364 374 386 405 422 451 477 466 433 394 347 305 305 266 217 172 137 123 129 105 102 93 87 82 81 79 77 78 83 90 98 102
46 48 50 53 53 49 47 54 58 57 58 61 65 68 88 123 156 192 245 292 300 278 234 186 152 120 126 168 182 192 198 193 179 192 219 232 252 252 275 262 234 216 192 196 223 224 225 237 243 247 268 306 347 380 381 362 351 351 349 348 333 318 317 309 311 327 357 392 414 409 375 327 280 280 240 197 160 130 113 112 123 115 96 87 83 79 78 75 74 73 74 80 87
51 51 50 53 59 56 49 54 63 62 64 67 69 71 80 114 151 198 247 285 291 270 240 219 188 145 141 186 209 228 235 217 199 205 242 265 275 275 295 300 275 246 214 208 234 255 260 261 268 268 288 331 377 401 386 365 352 332 313 307 296 283 286 285 272 293 327 361 375 358 341 313 268 268 217 165 129 120 134 139 132 103 92 89 87 82 78 74 74 71 69 70 72
53 53 53 53 58 57 50 51 61 68 69 73 75 77 83 115 155 204 243 253 260 253 239 218 188 159 159 196 225 243 251 240 232 230 246 276 298 298 314 320 293 264 240 229 246 278 292 304 305 303 316 360 395 409 409 399 385 358 331 297 275 258 254 250 237 258 298 331 322 304 296 286 251 251 200 147 125 145 152 146 117 97 98 98 91 84 79 75 75 71 68 64 64
57 56 56 56 60 57 50 51 56 61 64 75 80 83 85 114 157 200 214 210 220 226 226 216 200 187 182 214 233 249 261 258 262 257 261 283 310 310 332 340 323 295 274 260 269 306 338 355 353 344 349 386 423 437 442 440 432 398 349 313 286 271 255 241 219 223 258 284 265 255 246 239 214 214 166 129 140 162 154 138 115 113 111 98 88 83 78 75 78 76 68 67 68
57 56 56 56 60 57 50 51 56 61 64 75 80 83 85 114 157 200 214 210 220 226 226 216 200 187 182 214 233 249 261 258 262 257 261 283 310 310 332 340 323 295 274 260 269 306 338 355 353 344 349 386 423 437 442 440 432 398 349 313 286 271 255 241 219 223 258 284 265 255 246 239 214 214 166 129 140 162 150 131 134 145 127 105 93 82 79 77 81 82 73 67 66
59 62 62 60 66 67 60 56 58 60 63 70 80 97 122 141 122 126 142 146 162 206 245 266 258 247 247 285 305 329 335 329 331 317 325 346 371 371 397 408 402 396 379 343 340 365 425 461 456 454 461 463 480 485 496 483 460 433 391 357 332 272 251 232 208 193 186 183 176 166 160 161 152 152 129 140 155 166 157 151 168 173 151 123 108 96 83 81 84 81 76 71 66
62 63 64 62 69 70 61 59 61 65 66 75 84 101 128 154 141 125 125 133 160 226 260 275 269 269 279 341 358 392 401 397 393 371 374 400 427 427 442 443 454 453 434 400 382 413 470 498 506 507 503 493 505 520 534 521 494 456 413 387 349 272 256 243 234 215 198 192 184 167 151 143 135 144 144 154 162 174 177 188 191 169 145 138 132 108 87 86 85 81 81 75 67
64 67 66 67 71 72 67 63 66 75 80 89 102 110 124 145 148 141 146 153 160 202 231 250 255 265 292 382 406 435 455 447 437 426 431 457 486 486 482 501 511 496 468 428 410 446 481 512 534 540 529 524 533 549 566 560 527 482 442 406 353 299 295 284 275 259 239 222 207 196 162 140 144 164 164 178 183 194 216 237 210 167 137 125 128 108 92 90 86 87 90 79 67
70 72 69 70 72 74 76 71 73 89 97 110 136 154 149 159 168 166 164 171 169 179 194 218 237 265 303 406 447 485 503 499 497 488 503 519 539 539 541 568 560 530 494 453 446 479 499 524 560 581 566 564 573 585 603 592 547 496 447 407 362 338 333 325 305 282 254 228 207 185 157 152 158 169 169 178 187 200 237 251 218 178 137 114 105 102 100 93 92 93 91 77 70
70 72 69 70 72 74 76 71 73 89 97 110 136 154 149 159 168 166 164 171 169 179 194 218 237 265 303 406 447 485 503 499 497 488 503 519 539 539 541 568 578 548 504 472 490 512 531 546 576 595 607 615 624 628 625 600 544 486 441 403 377 344 338 327 303 280 255 226 202 171 156 167 174 175 175 176 189 210 239 241 216 182 147 122 102 111 111 99 101 96 86 77 75
93 94 99 92 77 76 81 88 97 107 130 157 200 240 253 260 266 260 258 242 237 240 226 216 221 247 286 360 405 459 513 544 571 592 600 601 604 604 616 618 602 567 517 499 510 538 560 569 584 601 629 650 649 656 619 580 539 493 444 407 379 345 310 294 275 251 239 215 190 169 167 175 185 189 189 191 211 229 223 209 195 164 142 122 108 123 116 104 108 94 83 81 80
136 133 130 120 87 79 83 96 114 123 138 181 232 278 295 298 298 298 297 287 274 271 245 238 245 242 254 330 373 408 464 513 553 589 604 609 630 630 634 635 621 577 537 531 541 562 586 606 614 612 628 636 642 644 610 559 515 478 435 410 395 349 277 255 238 218 212 200 178 170 183 193 204 207 207 217 237 246 227 201 183 172 149 129 128 128 117 115 112 99 94 86 84
190 174 143 110 95 84 84 100 127 144 164 207 249 294 321 323 333 345 350 325 304 290 266 277 294 291 285 310 336 380 430 476 530 579 592 618 647 647 648 645 633 601 569 573 582 594 622 646 639 633 643 636 639 629 592 549 503 462 438 430 405 365 277 245 220 202 190 186 177 184 196 214 227 234 234 248 272 279 254 221 198 182 162 158 149 126 122 128 123 115 96 92 95
236 208 159 122 104 92 87 109 147 170 185 212 247 289 326 355 379 384 371 349 335 327 306 314 342 341 349 339 341 365 410 461 505 539 570 612 646 646 657 660 644 618 602 608 612 623 654 671 656 660 670 649 630 600 566 528 488 461 458 442 412 382 304 269 243 222 203 181 186 193 212 236 252 272 272 294 315 320 280 250 212 189 188 191 156 131 141 140 136 114 107 114 114
257 221 173 129 105 93 94 127 166 199 224 233 246 280 323 385 418 413 402 389 386 383 345 343 368 383 399 398 385 373 398 439 475 506 546 588 627 627 652 656 641 626 625 633 640 649 680 690 674 683 691 662 629 589 545 507 484 477 470 453 425 392 329 297 264 232 200 193 205 212 226 249 281 315 315 336 342 344 319 285 244 223 220 214 171 152 166 151 131 124 143 137 130
261 217 175 130 105 96 108 157 194 223 254 271 273 300 330 383 430 439 443 440 441 435 384 361 383 418 437 448 430 403 396 427 454 485 525 569 605 605 631 627 625 639 646 661 674 681 708 714 707 710 711 673 627 588 549 516 498 489 463 444 424 385 332 292 250 221 203 216 234 238 244 263 304 345 345 372 374 372 349 304 274 253 227 204 172 178 191 163 135 144 160 150 134
249 205 161 126 104 106 132 181 226 247 273 299 306 342 378 407 447 471 487 489 491 451 397 382 409 442 471 487 471 443 416 428 443 471 508 549 596 596 609 611 623 648 663 679 704 712 731 747 749 741 716 664 620 584 558 540 516 480 446 422 407 375 322 280 233 213 230 261 266 257 264 287 323 365 365 404 408 397 369 337 310 282 236 202 183 206 218 189 161 150 167 156 139
226 186 149 123 109 117 149 202 245 282 308 330 347 372 418 460 497 513 528 535 506 462 423 412 445 469 501 524 510 484 462 465 472 474 484 524 570 570 578 596 624 655 677 704 730 753 769 787 787 760 710 651 608 577 548 543 523 484 443 393 376 356 306 263 230 232 259 285 279 276 297 318 346 385 385 435 446 425 398 367 332 295 247 208 207 234 249 224 185 172 181 168 157
225 173 137 119 119 127 141 195 250 300 338 364 382 409 449 501 541 570 577 565 527 488 442 440 473 504 527 557 554 528 489 499 519 513 507 513 538 538 559 589 616 648 682 710 741 784 802 805 778 744 697 644 609 582 545 517 499 468 428 381 342 328 281 245 238 252 271 286 292 306 333 354 380 422 422 455 472 453 423 375 335 298 257 227 236 268 286 245 209 209 208 191 172
221 166 134 125 133 136 141 184 225 269 318 362 386 421 462 520 555 575 588 584 553 499 459 474 511 544 553 592 596 560 519 522 555 559 559 549 548 548 565 581 612 641 680 711 738 779 814 802 765 719 671 634 603 578 541 503 467 432 395 365 323 299 262 247 254 258 275 291 312 329 346 379 412 443 443 491 498 463 421 380 340 295 270 276 279 304 311 269 261 263 237 214 192
197 162 136 132 151 152 155 165 196 234 273 320 366 411 451 501 534 559 595 611 581 528 501 502 541 578 587 626 616 581 554 552 595 615 604 590 576 576 585 596 619 651 684 710 735 771 804 789 752 708 661 624 590 559 526 497 459 426 398 367 327 290 267 262 268 268 284 291 312 329 346 379 412 443 443 491 498 463 421 380 340 295 270 276 279 304 311 269 261 263 237 214 192
179 153 133 153 176 182 190 187 192 208 236 286 339 384 421 452 490 535 580 609 592 562 548 538 568 602 611 648 623 593 582 586 628 649 637 624 603 603 607 632 650 668 693 716 734 760 776 753 721 701 666 619 579 545 521 496 457 419 390 375 340 306 277 274 285 283 298 320 351 385 418 436 454 488 488 516 507 469 433 402 392 377 355 365 358 334 328 358 363 345 313 281 273
173 149 161 191 215 219 230 236 226 212 222 263 316 350 386 425 464 508 553 601 612 602 580 560 587 619 632 670 648 621 614 634 671 684 670 651 626 626 635 665 687 710 730 738 742 746 739 713 690 677 656 618 578 545 515 488 457 417 378 362 340 306 285 297 303 299 311 340 364 397 433 469 497 521 521 532 520 498 472 454 452 433 416 408 384 356 347 386 401 387 349 329 308
172 155 177 213 249 263 263 284 285 265 237 248 292 325 367 411 446 475 519 577 613 620 594 577 605 637 665 695 684 653 640 659 697 712 702 675 649 649 663 692 720 749 770 774 769 748 714 680 658 637 620 605 589 545 508 477 436 399 360 335 322 315 321 324 329 327 326 351 384 413 444 494 533 561 561 559 548 534 520 512 501 482 467 447 413 381 368 395 418 413 388 360 326
175 176 202 249 282 298 295 304 317 315 285 256 271 308 355 392 419 461 504 550 599 622 603 592 615 647 695 712 709 688 665 676 721 739 723 691 665 665 690 725 755 779 801 811 788 747 706 669 639 613 592 582 564 529 502 467 432 385 353 349 341 344 361 363 369 373 348 372 412 445 479 518 555 580 580 583 579 570 554 542 520 508 495 469 440 407 404 418 437 431 410 377 332
185 208 242 277 313 329 323 327 337 343 330 303 280 286 330 370 410 456 500 547 599 635 618 617 645 674 711 728 725 716 690 694 730 754 730 700 665 665 690 725 755 779 801 811 788 747 706 669 639 613 592 582 564 529 502 467 432 385 353 349 341 344 361 363 369 373 348 372 412 445 479 550 581 597 597 614 612 604 582 557 541 533 524 499 467 439 445 447 440 423 404 373 328
200 229 279 323 343 359 353 355 363 367 365 353 329 305 310 358 409 443 493 548 615 648 640 644 668 711 749 761 747 745 718 707 734 768 748 721 743 743 762 783 818 857 871 852 815 769 731 701 663 619 578 550 526 499 466 432 405 395 403 418 424 424 450 463 455 437 400 391 442 490 532 580 609 629 629 652 656 627 600 574 565 557 551 530 497 482 486 468 421 389 379 356 317
212 247 294 348 371 384 381 384 395 401 400 398 379 345 325 359 397 447 508 563 623 665 663 670 687 736 792 805 792 768 742 726 749 780 765 749 780 780 810 840 872 906 904 883 850 817 776 735 684 643 592 557 537 509 482 436 410 413 428 442 446 447 463 468 472 468 442 414 443 491 545 603 636 665 665 685 678 645 613 598 590 586 588 574 545 530 501 455 405 364 348 324 289
239 274 317 356 388 405 408 417 428 433 430 429 418 381 355 361 404 462 527 582 635 678 693 703 720 766 820 855 841 799 764 749 767 795 792 785 815 815 858 886 909 945 951 929 891 857 819 765 704 648 602 568 544 530 496 445 428 439 453 460 463 460 473 488 504 508 489 453 454 507 566 625 662 694 694 704 685 656 626 618 610 606 608 608 590 536 481 435 402 376 335 300 269
267 305 328 365 402 428 436 449 455 450 443 440 430 399 379 397 432 485 536 600 648 687 719 742 760 790 842 885 878 847 801 774 789 822 836 835 835 835 868 912 935 976 1002 970 912 876 856 796 712 652 613 583 560 536 496 457 446 465 477 479 472 473 488 516 549 555 531 479 482 534 583 638 687 721 721 720 684 661 640 633 632 629 641 633 603 538 495 455 415 371 333 293 266
267 305 328 365 402 428 436 449 455 450 443 440 430 399 379 397 432 485 536 600 648 687 719 742 760 790 842 885 878 847 801 774 812 847 881 888 880 880 890 924 972 1006 1031 1002 950 905 861 805 738 689 637 597 573 542 499 472 462 486 499 497 490 490 517 556 587 582 542 496 526 575 621 658 706 743 729 729 695 674 659 649 651 663 687 665 629 598 532 469 405 361 318 289 262
309 353 389 393 417 470 501 509 508 514 504 489 482 465 443 435 458 510 568 621 674 708 749 790 839 882 903 938 925 904 867 835 830 860 901 913 921 921 930 946 995 1048 1073 1075 1019 943 864 826 766 707 646 607 582 550 515 489 487 505 516 521 518 514 556 594 617 602 563 528 547 593 641 681 734 758 739 739 719 699 685 683 685 693 692 668 630 597 561 494 421 374 336 307 259
341 367 402 435 447 467 518 546 562 565 557 546 530 495 477 474 472 515 568 619 659 698 738 796 863 911 964 973 975 945 907 870 858 874 906 928 943 970 970 993 1016 1057 1095 1092 1062 929 871 842 801 729 665 625 592 558 525 502 506 523 538 542 544 548 609 647 662 640 604 562 570 608 648 692 747 781 766 766 748 738 740 742 734 711 680 643 605 568 535 496 437 389 350 301 288
361 401 433 466 493 494 515 564 608 620 620 607 564 522 523 517 490 521 568 610 648 685 736 757 857 936 975 986 983 973 942 904 890 905 924 954 989 1022 1022 1060 1076 1099 1120 1082 1017 937 891 862 818 750 687 642 593 562 539 524 533 545 561 567 569 591 686 709 705 679 641 592 591 619 647 688 756 807 806 806 782 780 805 805 773 727 678 632 591 549 499 467 422 364 327 311 336
394 436 474 501 533 540 550 584 632 666 678 634 584 558 562 554 518 518 550 589 620 669 705 796 883 992 989 998 993 987 967 938 922 927 963 987 1028 1078 1078 1114 1144 1156 1144 1050 979 939 893 849 794 728 679 628 601 574 551 550 563 578 593 602 605 627 723 746 736 704 660 629 623 639 666 708 776 830 843 843 831 846 864 844 796 733 678 630 583 530 476 428 381 349 353 363 386
400 463 508 536 575 593 593 619 665 709 705 644 618 612 602 576 541 544 556 573 613 673 705 815 935 990 995 1002 999 1001 992 977 957 956 990 1028 1064 1110 1110 1167 1199 1178 1080 1005 971 941 889 846 793 726 668 633 604 581 581 581 600 628 635 637 646 669 745 765 748 717 690 649 655 675 698 737 790 845 881 881 893 901 891 839 797 746 686 647 583 507 449 405 385 395 409 420 446
