raster/dem/atlantgis_dgm_epsg4326.asc
ncols        1517
nrows        531
xllcorner    -15.745938481013
yllcorner    35.356042143168
cellsize     0.000834961611
NODATA_value -9999
[rows 164 to 204 of 531, columns 930 to 1022 of 1517]
415 476 523 572 613 641 646 669 708 744 708 677 671 667 632 587 567 586 587 586 630 678 702 822 982 989 1003 1020 1017 1011 1006 1000 1000 995 1020 1064 1114 1165 1165 1212 1222 1136 1062 1011 973 936 889 844 804 751 669 631 614 612 616 613 634 662 672 673 686 711 762 776 762 739 696 677 701 716 730 766 813 863 902 902 911 893 859 820 792 760 705 671 546 495 434 412 428 451 468 490 488
443 515 546 596 645 678 690 718 773 769 734 721 725 700 646 605 610 622 626 617 640 677 719 810 967 998 1020 1038 1040 1035 1034 1040 1051 1060 1080 1115 1156 1204 1204 1220 1161 1091 1060 1009 961 914 863 830 796 752 677 645 646 639 646 642 658 692 713 720 736 750 781 791 781 749 711 710 737 752 768 797 837 877 899 899 895 861 834 810 789 748 692 663 562 492 446 442 471 497 534 541 498
469 527 569 614 665 708 731 739 826 807 786 782 770 718 655 624 650 656 690 674 657 689 736 802 945 1000 1007 1033 1061 1064 1081 1106 1124 1139 1153 1168 1196 1226 1226 1218 1126 1081 1055 989 934 886 848 816 772 725 685 670 671 674 680 679 681 715 748 763 779 798 807 806 786 763 736 737 764 779 798 829 866 895 896 896 869 840 812 793 767 733 691 639 576 503 458 473 506 542 577 572 529
480 518 570 622 672 721 741 911 870 838 835 820 769 721 680 654 691 768 761 708 678 692 733 784 836 935 968 1004 1083 1105 1141 1188 1221 1216 1218 1228 1249 1249 1249 1205 1128 1093 1030 958 905 870 846 820 778 734 709 705 707 713 712 717 719 740 779 802 815 831 839 820 800 783 756 752 786 803 822 871 896 903 888 888 850 821 795 763 725 701 672 629 587 530 471 507 550 582 601 596 554
517 517 569 615 662 707 789 923 915 894 859 819 773 744 720 701 726 807 786 731 712 722 737 775 818 875 936 994 1079 1136 1182 1231 1269 1285 1290 1300 1283 1255 1255 1184 1119 1059 1013 930 893 869 847 822 790 755 741 735 735 737 741 750 768 777 816 852 851 853 864 852 831 812 796 781 811 838 875 931 938 907 869 869 834 807 781 743 697 661 633 595 561 520 505 546 591 622 638 614 584
554 554 562 610 661 683 798 924 933 936 898 854 829 806 767 758 768 812 799 767 763 778 776 775 805 863 922 963 1060 1164 1193 1238 1279 1313 1333 1320 1283 1244 1244 1178 1109 1053 1017 963 895 873 856 845 816 794 779 760 759 769 776 794 805 815 847 891 908 905 896 898 881 859 826 805 837 875 924 974 958 892 855 855 826 800 773 738 697 654 607 587 561 534 537 571 621 656 684 667 611
588 588 567 611 661 676 879 908 922 962 951 924 888 847 826 793 808 845 825 801 814 839 830 814 816 856 895 948 1072 1177 1219 1254 1265 1284 1311 1322 1284 1226 1226 1166 1109 1055 1019 968 906 883 861 853 837 815 801 791 786 800 811 834 855 878 871 911 954 969 941 955 938 892 844 841 867 900 955 993 948 890 857 857 832 808 778 737 690 647 630 625 607 582 584 618 653 700 728 699 621
630 630 606 616 656 730 876 912 945 972 978 976 948 906 854 822 832 868 867 851 850 877 876 862 843 855 887 930 1074 1159 1249 1255 1238 1240 1257 1280 1277 1226 1226 1178 1125 1074 1037 989 919 884 860 849 844 828 818 820 819 830 859 897 958 969 944 953 996 1004 987 996 949 904 883 874 897 944 992 996 932 881 857 857 839 805 767 721 681 667 670 667 647 617 634 670 713 744 732 686 611
688 688 664 646 656 703 777 865 987 984 998 1014 987 937 901 887 877 892 906 891 898 918 923 907 885 877 900 945 1053 1133 1216 1235 1219 1197 1195 1217 1224 1194 1194 1150 1116 1083 1056 1015 945 883 861 851 851 839 839 851 856 875 906 965 1021 1023 1009 1010 1015 1025 1061 999 962 942 938 918 938 1002 1042 997 931 889 861 861 827 788 752 722 711 714 713 705 691 685 697 730 766 755 722 680 634
749 749 720 692 673 716 768 864 954 985 999 1011 1017 983 967 946 930 939 944 944 951 968 969 950 927 914 940 975 1083 1157 1196 1225 1204 1163 1144 1143 1144 1137 1137 1105 1088 1072 1050 1007 945 879 863 866 862 860 865 887 903 934 959 993 1037 1059 1033 1030 1051 1070 1093 1033 1008 999 984 971 1001 1049 1070 1021 958 916 882 882 846 812 794 766 752 754 752 747 743 742 749 762 777 765 734 701 670
781 781 761 723 696 737 763 862 955 994 1004 1021 1047 1056 1046 1034 1002 1025 1043 1023 1018 1030 1014 990 961 950 971 1013 1115 1163 1199 1201 1175 1131 1100 1087 1079 1065 1065 1056 1047 1044 1026 992 924 879 873 880 883 891 908 936 958 990 1028 1060 1077 1086 1057 1058 1100 1138 1154 1090 1072 1068 1045 1018 1059 1097 1096 1060 1025 974 934 934 907 888 849 800 782 792 789 781 782 795 809 806 803 792 765 737 714
805 805 794 747 724 753 797 875 970 992 1012 1040 1095 1133 1117 1082 1078 1097 1116 1076 1084 1112 1089 1042 1004 1003 1017 1052 1136 1153 1161 1151 1138 1102 1066 1045 1025 1008 1008 1009 997 988 980 955 913 889 884 898 914 925 943 971 1003 1031 1071 1108 1140 1127 1094 1099 1137 1190 1207 1131 1132 1112 1074 1047 1100 1141 1153 1124 1060 1004 980 980 963 923 871 831 828 827 822 816 822 839 847 842 833 822 799 784 768
847 847 825 768 762 784 833 898 967 996 1020 1067 1131 1170 1163 1121 1105 1140 1142 1145 1165 1169 1147 1102 1061 1086 1105 1136 1121 1105 1097 1097 1096 1058 1032 1011 990 971 971 964 954 947 935 914 890 882 897 924 946 972 976 1000 1035 1069 1097 1132 1160 1149 1139 1153 1186 1225 1217 1200 1189 1140 1090 1088 1135 1174 1191 1138 1083 1056 1060 1060 1024 967 912 871 864 864 864 866 874 879 880 871 863 853 837 824 822
877 877 843 791 796 822 869 935 988 1018 1044 1086 1139 1190 1193 1159 1133 1148 1175 1197 1204 1217 1228 1174 1136 1153 1134 1112 1082 1050 1039 1042 1049 1024 997 981 966 946 946 933 925 919 909 880 860 869 898 945 989 1031 1036 1048 1070 1098 1128 1151 1156 1171 1197 1218 1240 1260 1261 1245 1211 1162 1122 1123 1175 1221 1200 1159 1141 1129 1108 1108 1045 987 940 907 890 895 903 923 929 924 909 910 907 894 873 867 886
879 879 842 818 830 866 921 988 1015 1032 1068 1127 1176 1200 1201 1181 1156 1158 1169 1165 1178 1202 1198 1196 1176 1122 1086 1070 1032 1006 990 989 996 988 975 958 944 930 930 908 889 870 861 835 839 866 906 969 1032 1089 1129 1144 1127 1119 1121 1130 1143 1171 1210 1238 1249 1269 1283 1251 1229 1202 1176 1163 1194 1216 1199 1199 1188 1141 1120 1120 1075 1022 975 934 918 929 947 968 987 973 952 947 938 930 929 934 920
896 896 867 856 871 916 985 1012 1031 1054 1104 1171 1199 1196 1200 1178 1148 1137 1140 1132 1143 1144 1158 1191 1137 1087 1063 1040 977 959 947 946 951 949 949 940 931 910 910 874 843 822 812 810 826 863 926 998 1054 1124 1160 1144 1119 1113 1101 1105 1130 1170 1204 1215 1223 1241 1255 1220 1199 1182 1166 1175 1174 1174 1173 1154 1104 1088 1074 1074 1057 1031 988 952 941 967 1001 1024 1018 1000 988 982 980 996 1017 985 930
917 917 899 896 923 964 1000 1015 1046 1079 1121 1170 1172 1174 1177 1149 1109 1094 1098 1100 1105 1109 1153 1154 1102 1069 1044 1014 937 922 913 916 925 927 927 919 908 897 897 855 808 784 787 794 818 861 924 1027 1054 1102 1118 1099 1082 1079 1079 1088 1109 1147 1170 1172 1187 1198 1209 1179 1150 1133 1129 1123 1128 1139 1123 1100 1076 1056 1036 1036 1024 1007 991 978 982 1000 1027 1046 1039 1021 1016 1019 1031 1059 1050 988 927
939 939 931 942 965 985 1008 1036 1068 1095 1124 1152 1146 1132 1115 1089 1062 1058 1068 1061 1073 1114 1148 1133 1084 1051 1025 986 915 894 877 888 902 904 902 894 864 845 845 816 779 766 768 780 819 871 929 1012 1044 1073 1077 1065 1060 1057 1056 1069 1088 1114 1123 1125 1143 1149 1143 1125 1099 1086 1085 1078 1095 1132 1120 1090 1064 1033 1013 1013 999 987 976 975 997 1020 1043 1057 1052 1048 1059 1078 1081 1077 1048 1001 941
958 958 961 977 1000 1002 1027 1065 1103 1131 1138 1135 1110 1075 1051 1028 1020 1019 1030 1022 1059 1121 1145 1111 1068 1028 998 969 905 869 836 847 858 864 863 847 815 788 788 761 744 744 756 777 824 875 932 1008 1032 1043 1046 1047 1044 1040 1034 1051 1076 1098 1090 1073 1087 1086 1067 1053 1050 1039 1031 1038 1065 1152 1133 1084 1043 1012 997 982 982 962 953 955 979 1006 1034 1042 1031 1067 1107 1137 1127 1097 1066 1019 965
973 973 984 1006 1018 1024 1068 1130 1147 1132 1106 1096 1063 1032 1007 989 982 980 986 1004 1074 1138 1124 1074 1025 993 968 946 906 870 824 797 796 813 823 796 762 740 740 721 715 727 741 769 810 874 946 1005 1012 1018 1025 1020 1017 1020 1019 1041 1070 1093 1080 1042 1025 1023 1009 1003 1009 995 990 996 1041 1083 1124 1070 1021 997 980 962 962 944 939 933 953 972 988 995 999 1036 1092 1124 1114 1094 1062 1016 973
987 987 999 1017 1038 1082 1123 1194 1125 1103 1076 1061 1027 1002 978 958 944 951 971 1020 1122 1140 1104 1040 994 966 948 935 913 888 842 788 754 753 769 757 726 707 707 697 698 710 730 767 815 881 983 998 986 985 990 982 991 997 1012 1047 1067 1056 1044 1014 979 967 960 964 970 963 959 960 1010 1056 1078 1052 998 974 956 941 941 924 913 908 916 927 933 945 969 1009 1058 1094 1086 1070 1048 1000 937
1004 1004 1016 1044 1076 1138 1168 1135 1095 1078 1047 1031 1005 974 946 922 920 933 958 1034 1126 1149 1096 1013 976 955 943 933 910 893 854 797 746 719 724 724 701 681 681 670 683 700 739 782 821 872 957 964 949 949 951 954 968 985 1017 1055 1069 1042 995 971 949 931 922 934 936 932 930 929 987 1072 1080 1050 978 957 934 918 918 901 887 880 881 890 901 915 939 982 1030 1061 1060 1051 1026 975 921
1011 1011 1028 1057 1105 1142 1129 1089 1080 1053 1027 1002 977 940 910 896 902 920 945 1037 1141 1148 1101 999 968 952 941 927 898 886 855 808 757 708 679 684 674 654 654 650 667 695 744 789 821 862 913 921 911 914 925 936 955 984 1023 1064 1042 999 961 943 927 902 889 902 897 893 902 916 968 1040 1039 983 958 941 918 897 897 881 863 855 855 865 876 888 918 964 1002 1028 1044 1042 1006 965 925
1025 1025 1042 1064 1100 1121 1100 1080 1058 1034 1009 984 955 914 884 870 884 903 935 1030 1139 1122 1070 995 962 949 940 917 870 860 829 787 751 703 658 640 635 629 629 635 661 706 748 782 811 840 867 886 879 883 895 922 946 990 1036 1066 1017 963 938 929 915 888 869 860 856 864 876 895 937 973 958 943 940 930 901 883 883 860 843 830 828 834 851 872 900 941 970 1000 1023 1037 1004 968 917
1023 1023 1042 1057 1080 1097 1086 1062 1028 1006 980 957 938 911 865 841 864 902 937 1022 1137 1122 1061 999 964 952 940 905 825 821 795 748 701 666 636 617 606 606 606 625 671 727 758 779 807 832 850 853 837 841 876 915 950 988 1035 1057 1004 952 924 915 903 878 857 831 829 843 861 882 907 931 924 925 922 909 900 872 872 843 821 805 802 808 831 856 893 929 952 982 1008 1020 1008 966 909
1017 1017 1035 1043 1061 1069 1049 1023 1001 973 947 928 915 891 850 816 848 909 949 1008 1113 1105 1051 995 972 954 931 888 791 760 744 713 664 634 613 602 590 605 605 642 681 728 765 786 809 826 827 805 797 828 871 907 954 997 1033 1037 998 948 915 901 888 870 848 809 809 825 841 859 884 906 912 905 894 887 880 851 851 823 797 782 780 791 811 837 874 921 948 966 990 1002 1001 966 912
1009 1009 1025 1039 1039 1025 1013 999 977 944 924 901 892 868 802 796 830 903 951 1040 1067 1077 1038 994 974 958 923 874 792 741 697 675 649 619 605 587 580 610 610 658 701 738 761 782 800 799 779 757 787 834 872 913 972 1022 1052 1023 978 939 910 890 876 863 840 790 790 808 817 834 863 883 890 880 869 861 849 825 825 799 771 748 751 767 792 824 861 901 929 949 969 991 999 965 931
1004 1004 1020 1026 1013 993 989 980 958 928 902 883 854 812 757 785 817 926 963 1014 1040 1052 1020 988 964 930 895 867 785 735 688 648 619 596 589 577 580 624 624 668 712 740 758 772 783 754 718 745 796 841 875 926 987 1043 1074 1022 969 939 910 887 873 856 829 772 766 771 784 815 845 862 860 851 842 828 809 793 793 766 736 708 719 747 779 814 852 884 910 929 952 972 984 982 944
998 998 1026 1014 992 978 970 958 936 907 881 860 797 748 745 782 824 909 968 998 1013 1021 991 967 931 876 851 824 747 719 691 639 602 580 570 568 586 631 631 666 704 729 744 747 737 688 706 768 816 849 878 935 996 1053 1084 1053 986 941 907 883 869 849 815 747 735 737 752 791 825 837 826 819 813 796 772 751 751 725 693 674 695 730 773 817 850 878 896 915 939 956 970 982 946
986 986 1019 1000 978 966 957 944 922 884 868 819 741 717 739 785 855 923 965 972 982 986 959 929 873 835 800 769 701 687 660 620 594 565 545 552 591 626 626 660 698 720 734 708 666 664 710 768 826 856 886 928 966 1062 1104 1077 1006 944 912 889 864 846 809 725 700 702 715 745 782 802 794 783 780 762 734 707 707 681 652 645 692 743 783 831 849 866 882 900 923 938 945 955 922
963 963 999 990 973 958 942 923 903 877 816 750 692 703 753 821 891 931 945 950 951 949 928 890 849 813 775 739 679 654 625 598 575 543 516 547 580 613 613 647 684 699 692 640 628 660 714 779 828 856 888 932 965 1067 1116 1127 983 954 916 888 859 838 807 719 679 665 676 700 732 758 751 746 746 730 697 666 666 638 623 653 705 769 816 845 844 846 861 876 894 905 909 919 905
941 941 967 972 949 934 911 884 861 822 742 672 672 700 797 857 886 906 915 926 925 913 888 859 835 801 762 727 669 640 601 564 543 508 492 528 563 599 599 626 644 639 617 603 629 664 721 775 822 861 889 934 991 1041 1088 1072 1012 962 919 885 856 834 814 776 678 639 628 655 691 710 713 709 722 708 670 636 636 599 607 653 704 754 801 826 822 825 833 846 864 874 877 887 875
937 937 949 927 910 889 872 846 804 754 707 664 652 733 848 859 875 891 909 913 900 884 859 840 821 793 761 717 653 621 582 544 510 476 473 503 534 567 587 587 581 579 577 614 666 703 726 777 831 870 898 946 996 1046 1074 1054 1003 946 907 885 858 836 819 792 688 643 604 617 646 666 669 677 699 686 648 607 607 574 590 634 687 730 776 797 792 797 806 817 839 842 842 854 828
939 939 920 881 865 836 830 815 781 711 673 637 634 736 827 842 858 884 906 895 876 859 840 824 806 779 752 707 612 586 551 519 490 453 446 467 492 519 535 535 538 560 602 660 723 743 740 787 845 878 919 970 1014 1048 1065 1026 970 922 900 882 860 843 823 799 704 646 599 578 597 622 625 636 664 654 626 585 585 554 567 605 651 706 749 768 763 772 774 787 816 809 812 819 795
915 915 901 861 826 794 773 763 761 719 620 620 665 767 816 834 859 894 898 879 858 840 814 798 786 766 736 680 562 533 517 485 450 427 452 489 499 499 516 516 546 585 631 704 763 771 775 814 871 912 960 1008 1036 1068 1062 1004 945 915 892 872 849 831 818 804 709 648 604 562 549 577 575 590 616 618 587 551 551 523 541 597 650 695 736 745 733 741 748 764 779 765 777 784 761
874 874 885 856 809 769 733 725 734 653 596 623 726 774 816 837 877 904 892 864 843 818 779 754 756 742 709 649 536 490 477 439 415 445 494 526 544 547 564 564 591 628 682 752 803 819 821 853 898 956 1001 1030 1068 1082 1037 993 953 910 876 860 836 807 795 779 703 658 612 570 529 527 530 545 571 579 546 510 510 511 538 593 659 696 722 723 700 708 720 737 732 724 746 746 731
823 823 854 836 802 755 706 682 665 614 585 659 739 783 812 847 879 905 884 851 825 802 759 712 700 698 691 637 555 471 439 407 418 461 506 548 579 600 623 623 641 677 746 791 820 849 867 892 941 979 998 1034 1075 1058 1013 979 940 892 866 848 820 782 753 733 685 661 631 595 543 503 484 492 531 542 507 482 482 502 541 597 654 676 702 696 661 662 682 694 685 697 712 716 713
777 777 788 794 788 757 702 642 616 580 569 692 730 766 801 832 890 912 884 845 814 785 734 668 634 644 654 628 577 496 437 390 412 453 498 544 574 608 646 646 683 749 787 810 839 878 921 936 959 983 1014 1059 1068 1030 985 946 908 869 840 821 797 760 720 690 645 642 655 620 564 526 487 466 501 508 491 459 459 474 530 583 630 660 687 683 642 625 637 647 655 677 682 689 699
725 725 739 766 787 771 724 623 582 555 581 643 719 756 785 817 875 888 873 853 822 748 678 626 591 589 610 594 567 479 419 379 399 439 473 509 542 588 628 628 677 736 780 813 853 905 955 966 987 1013 1050 1081 1049 1002 961 919 880 849 813 791 764 730 691 658 606 593 617 603 564 533 495 451 459 484 478 445 445 436 513 569 613 653 681 681 647 607 595 602 635 649 654 670 681
700 700 716 794 800 763 724 581 563 538 570 630 695 737 767 801 835 847 852 856 796 699 644 589 549 541 562 544 521 464 424 372 381 414 441 469 513 560 606 606 661 725 774 817 869 936 983 991 1012 1055 1074 1075 1031 990 943 906 867 835 795 765 734 699 663 639 595 566 556 558 520 495 473 441 434 470 456 413 413 432 500 556 609 649 672 677 652 610 577 583 616 621 629 648 660
685 685 664 728 759 732 668 579 540 522 565 613 662 711 751 774 796 807 816 828 826 657 612 554 508 511 528 507 474 435 401 356 378 414 441 476 501 537 619 619 661 703 775 823 874 944 988 1020 1046 1075 1082 1050 1009 975 937 909 866 832 796 754 724 704 697 679 635 585 541 514 486 462 440 420 419 457 425 395 395 450 512 568 613 647 647 656 645 612 570 564 596 598 602 625 636
